21 0.162489 -1.37363 0.648537
15 0.457145 -1.38147 1.25292
1 2.46914 1.42247 1.17348
9 1.68938 1.4051 1.20818
7 0.499659 1.42335 1.42237
19 4.2063 -0.0349304 0.109669
28 4.49567 0.285084 1.19602
10 3.08495 0.615425 1.14897
22 4.23622 -2.18802 1.11984
20 4.59178 -1.58873 0.818362
3 3.20826 -1.55948 1.1893
16 4.32975 -0.421064 0.856243
5 3.21447 0.388489 0.943991
6 2.06337 -1.62869 1.09144
54 1.14819 -1.32963 1.18281
55 1.33391 -1.33109 0.999574
53 1.25859 -1.36195 1.42559
24 3.77986 0.532117 1.21343
14 2.73148 -1.69634 0.875277
29 -0.390497 0.626269 1.37619
21 0.11924 -1.3672 0.659913
15 0.245955 -1.61334 1.33177
