21 0.11924 -1.3672 0.659913
15 0.245955 -1.61334 1.33177
10 3.07746 0.645938 1.16516
1 2.40596 1.42756 1.18423
9 1.56642 1.41014 1.12236
7 0.486093 1.43534 1.41445
19 4.13365 0.0119063 0.133944
20 4.60199 -1.57676 0.860091
22 4.22597 -2.14402 1.15054
6 2.09161 -1.65159 1.11568
30 6.79716 1.59142 1.17915
0 6.26643 3.25302 0.83978
2 6.78283 2.69007 1.45734
4 5.13286 4.56395 1.4958
13 3.28207 3.52913 1.46542
11 3.30493 2.23275 1.47471
24 3.46955 0.938098 1.27127
23 4.3531 0.495878 0.977851
29 -0.390497 0.626269 1.37619
